-1199.498	30.000	10.114	1.000
-1179.484	28.000	10.023	1.000
-1159.471	28.000	10.827	1.000
-1139.457	28.000	10.335	1.000
-1119.443	26.000	10.421	1.000
-1099.429	30.000	10.126	1.000
-1079.415	28.000	10.383	1.000
-1059.401	30.000	10.242	1.000
-1039.387	26.000	10.002	1.000
-1019.373	30.000	10.105	1.000
-999.360	28.000	10.152	1.000
-979.346	30.000	10.440	1.000
-959.332	36.000	11.128	1.000
-939.318	30.000	10.794	1.000
-919.304	32.000	10.354	1.000
-899.290	30.000	10.375	1.000
-879.276	28.000	10.305	1.000
-859.262	28.000	10.975	1.000
-839.249	28.000	10.499	1.000
-819.235	30.000	11.213	1.000
-799.221	28.000	10.246	1.000
-779.207	28.000	10.375	1.000
-759.193	26.000	10.084	1.000
-739.179	26.000	10.200	1.000
-719.165	28.000	10.806	1.000
-699.151	28.000	11.314	1.000
-679.138	26.000	11.076	1.000
-659.124	34.000	12.928	1.000
-639.110	32.000	13.232	1.000
-619.096	32.000	14.126	1.000
-599.082	36.000	14.758	1.000
-579.068	56.000	22.204	1.000
-559.054	56.000	21.065	1.000
-539.040	58.000	23.604	1.000
-519.027	112.000	44.865	1.000
-499.013	134.000	53.168	1.000
-478.999	178.000	68.634	1.000
-458.985	352.000	131.259	1.000
-438.971	296.000	115.333	1.000
-418.957	360.000	132.800	1.000
-398.943	482.000	183.103	1.000
-378.929	1104.000	406.684	1.000
-358.916	1490.000	568.503	1.000
-338.902	1330.000	504.909	1.000
-318.888	4152.000	1571.648	1.000
-298.874	3936.000	1541.320	1.000
-278.860	3742.000	1473.248	1.000
-258.846	8420.000	3375.524	1.000
-238.832	10886.000	4260.760	1.000
-218.818	10626.000	4199.682	1.000
-198.805	14184.000	5844.806	1.000
-178.791	29102.000	12475.857	1.000
-158.777	32410.000	13828.025	1.000
-138.763	29462.000	12248.126	1.000
-118.749	64535.000	27895.739	100.000
-98.735	68000.000	26707.579	100.000
-78.721	88800.000	34982.316	100.000
-58.707	146600.000	64177.263	100.000
-38.693	171800.000	74810.526	100.000
-18.680	161600.000	64177.684	100.000
1.334	174200.000	68922.737	100.000
21.348	180200.000	70838.316	100.000
41.362	192200.000	74747.368	100.000
61.376	180000.000	71113.895	100.000
81.390	87600.000	29966.947	100.000
101.404	87200.000	28845.684	100.000
121.418	68000.000	24113.053	100.000
141.431	51000.000	17165.263	100.000
161.445	45200.000	16155.368	100.000
181.459	47800.000	18667.579	100.000
201.473	44000.000	17858.105	100.000
221.487	21000.000	8839.368	100.000
241.501	22600.000	9168.842	100.000
261.515	19600.000	8407.368	1.000
281.529	7652.000	3663.518	1.000
301.542	8830.000	4014.312	1.000
321.556	8282.000	3881.051	1.000
341.570	6002.000	3458.015	1.000
361.584	5136.000	2954.021	1.000
381.598	5488.000	3071.644	1.000
401.612	5076.000	2688.267	1.000
421.626	6288.000	2866.872	1.000
441.640	6336.000	2951.126	1.000
461.653	6478.000	2782.762	1.000
481.667	6258.000	2636.811	1.000
501.681	8328.000	3228.785	1.000
521.695	6820.000	2724.019	1.000
541.709	3930.000	1873.907	1.000
561.723	4398.000	1992.461	1.000
581.737	4210.000	1950.941	1.000
601.751	3760.000	1790.971	1.000
621.764	5010.000	1812.242	1.000
641.778	5044.000	1956.737	1.000
661.792	4558.000	1791.128	1.000
681.806	4286.000	1753.185	1.000
701.820	4142.000	1665.484	1.000
721.834	4174.000	1704.295	1.000
741.848	2906.000	990.838	1.000
761.862	2398.000	840.857	1.000
781.875	2758.000	904.156	1.000
801.889	1844.000	699.695	1.000
821.903	1432.000	523.088	1.000
841.917	1498.000	511.663	1.000
861.931	1482.000	515.368	1.000
881.945	1802.000	517.985	1.000
901.959	1706.000	509.406	1.000
921.973	1436.000	437.242	1.000
941.986	960.000	256.341	1.000
962.000	830.000	197.394	1.000
982.014	748.000	189.840	1.000
1002.028	698.000	172.366	1.000
1022.042	724.000	173.556	1.000
1042.056	744.000	183.488	1.000
1062.070	672.000	169.139	1.000
1082.084	570.000	143.223	1.000
1102.097	592.000	147.238	1.000
1122.111	656.000	162.057	1.000
1142.125	888.000	193.726	1.000
1162.139	924.000	182.928	1.000
1182.153	918.000	186.396	1.000
1202.167	944.000	192.657	1.000
1222.181	1326.000	206.537	1.000
1242.195	1390.000	207.811	1.000
1262.208	1518.000	227.109	1.000
1282.222	1380.000	182.223	1.000
1302.236	1540.000	204.299	1.000
1322.250	1586.000	211.491	1.000
1342.264	1164.000	203.682	1.000
1362.278	1292.000	220.872	1.000
1382.292	1272.000	216.680	1.000
1402.306	1218.000	227.789	1.000
1422.319	1368.000	284.971	1.000
1442.333	1408.000	290.549	1.000
1462.347	1480.000	320.983	1.000
1482.361	1226.000	274.101	1.000
1502.375	1332.000	303.680	1.000
1522.389	1264.000	305.867	1.000
1542.403	1048.000	238.920	1.000
1562.417	996.000	230.952	1.000
1582.430	950.000	204.787	1.000
1602.444	780.000	180.044	1.000
1622.458	564.000	139.876	1.000
1642.472	628.000	149.775	1.000
1662.486	582.000	144.269	1.000
1682.500	450.000	135.284	1.000
1702.514	440.000	131.335	1.000
1722.528	428.000	127.288	1.000
1742.541	428.000	108.869	1.000
1762.555	476.000	105.577	1.000
1782.569	540.000	107.118	1.000
1802.583	532.000	96.387	1.000
1822.597	698.000	98.105	1.000
1842.611	716.000	98.368	1.000
1862.625	712.000	94.444	1.000
1882.639	790.000	110.314	1.000
1902.653	830.000	116.467	1.000
1922.666	792.000	112.623	1.000
1942.680	682.000	107.442	1.000
1962.694	780.000	122.459	1.000
1982.708	850.000	132.331	1.000
2002.722	820.000	149.175	1.000
2022.736	760.000	143.714	1.000
2042.750	898.000	165.792	1.000
2062.764	760.000	151.749	1.000
2082.777	786.000	172.707	1.000
2102.791	830.000	181.154	1.000
2122.805	912.000	193.665	1.000
2142.819	718.000	156.617	1.000
2162.833	674.000	145.434	1.000
2182.847	738.000	162.545	1.000
2202.861	530.000	118.787	1.000
2222.875	594.000	125.945	1.000
2242.888	584.000	124.042	1.000
2262.902	560.000	120.225	1.000
2282.916	360.000	91.128	1.000
2302.930	352.000	89.531	1.000
2322.944	398.000	96.229	1.000
2342.958	298.000	74.583	1.000
2362.972	248.000	68.044	1.000
2382.986	276.000	72.238	1.000
2402.999	184.000	50.505	1.000
2423.013	154.000	42.617	1.000
2443.027	154.000	43.265	1.000
2463.041	132.000	36.884	1.000
2483.055	148.000	32.733	1.000
2503.069	144.000	32.101	1.000
2523.083	142.000	31.168	1.000
2543.097	160.000	31.840	1.000
2563.110	180.000	32.537	1.000
2583.124	166.000	31.998	1.000
2603.138	164.000	32.743	1.000
2623.152	178.000	33.718	1.000
2643.166	172.000	33.328	1.000
2663.180	184.000	34.701	1.000
2683.194	200.000	37.962	1.000
2703.208	204.000	37.101	1.000
2723.221	196.000	38.128	1.000
2743.235	198.000	39.758	1.000
2763.249	208.000	41.013	1.000
2783.263	190.000	39.884	1.000
2803.277	194.000	41.941	1.000
2823.291	178.000	40.160	1.000
2843.305	170.000	40.377	1.000
2863.319	174.000	42.057	1.000
2883.332	172.000	45.413	1.000
2903.346	176.000	46.137	1.000
2923.360	164.000	45.057	1.000
2943.374	146.000	39.611	1.000
2963.388	128.000	40.051	1.000
2983.402	132.000	41.265	1.000
3003.416	114.000	34.457	1.000
3023.430	104.000	31.701	1.000
3043.443	104.000	30.891	1.000
3063.457	96.000	30.314	1.000
3083.471	84.000	26.848	1.000
3103.485	82.000	25.571	1.000
3123.499	80.000	26.263	1.000
3143.513	88.000	25.773	1.000
3163.527	82.000	25.813	1.000
3183.541	80.000	25.545	1.000
3203.554	86.000	25.293	1.000
3223.568	94.000	24.377	1.000
3243.582	96.000	25.295	1.000
3263.596	110.000	25.766	1.000
3283.610	112.000	24.627	1.000
3303.624	122.000	25.945	1.000
3323.638	120.000	25.524	1.000
3343.652	134.000	29.461	1.000
3363.665	134.000	29.257	1.000
3383.679	140.000	28.863	1.000
3403.693	134.000	32.177	1.000
3423.707	128.000	31.133	1.000
3443.721	130.000	30.941	1.000
3463.735	132.000	32.282	1.000
3483.749	126.000	31.897	1.000
3503.763	126.000	33.103	1.000
3523.776	128.000	32.297	1.000
3543.790	112.000	31.802	1.000
3563.804	114.000	31.501	1.000
3583.818	112.000	29.383	1.000
3603.832	86.000	26.813	1.000
3623.846	84.000	25.827	1.000
3643.860	88.000	25.895	1.000
3663.874	70.000	22.968	1.000
3683.887	60.000	21.088	1.000
3703.901	66.000	21.651	1.000
3723.915	66.000	20.884	1.000
3743.929	46.000	17.987	1.000
3763.943	48.000	18.305	1.000
3783.957	48.000	18.621	1.000
3803.971	46.000	17.192	1.000
3823.985	44.000	15.678	1.000
3843.999	44.000	16.095	1.000
3864.012	40.000	15.213	1.000
3884.026	44.000	15.480	1.000
3904.040	46.000	15.720	1.000
3924.054	46.000	15.040	1.000
3944.068	50.000	15.876	1.000
3964.082	50.000	15.337	1.000
3984.096	52.000	15.659	1.000
4004.110	54.000	16.455	1.000
4024.123	56.000	16.598	1.000
4044.137	64.000	16.903	1.000
4064.151	56.000	16.484	1.000
4084.165	58.000	17.053	1.000
4104.179	66.000	17.552	1.000
4124.193	54.000	17.579	1.000
4144.207	54.000	17.608	1.000
4164.221	58.000	17.676	1.000
4184.234	62.000	18.141	1.000
4204.248	50.000	17.364	1.000
4224.262	54.000	17.621	1.000
4244.276	54.000	17.808	1.000
4264.290	52.000	17.339	1.000
4284.304	50.000	17.023	1.000
4304.318	50.000	17.349	1.000
4324.332	46.000	16.825	1.000
4344.345	42.000	16.112	1.000
4364.359	38.000	14.975	1.000
4384.373	40.000	15.789	1.000
4404.387	34.000	14.817	1.000
4424.401	34.000	14.091	1.000
4444.415	34.000	13.903	1.000
4464.429	38.000	14.328	1.000
4484.443	32.000	13.451	1.000
4504.456	38.000	13.160	1.000
4524.470	32.000	13.427	1.000
4544.484	30.000	12.278	1.000
4564.498	34.000	12.684	1.000
4584.512	28.000	12.442	1.000
4604.526	30.000	12.520	1.000
4624.540	30.000	11.869	1.000
4644.554	28.000	11.979	1.000
4664.567	28.000	11.920	1.000
4684.581	34.000	12.086	1.000
4704.595	30.000	11.722	1.000
4724.609	32.000	11.762	1.000
4744.623	28.000	12.265	1.000
4764.637	32.000	12.162	1.000
4784.651	34.000	12.263	1.000
4804.665	28.000	11.638	1.000
4824.678	28.000	12.646	1.000
4844.692	32.000	12.076	1.000
4864.706	30.000	12.394	1.000
4884.720	32.000	12.558	1.000
4904.734	30.000	12.000	1.000
4924.748	28.000	12.211	1.000
4944.762	30.000	12.211	1.000
4964.776	28.000	12.004	1.000
4984.789	32.000	11.939	1.000
5004.803	32.000	12.284	1.000
