9.700000000000000000e+02 1.103000000000000017e-07
9.703999999999999773e+02 1.235999999999999950e-07
9.707999999999999545e+02 1.075000000000000031e-07
9.712000000000000455e+02 6.094000000000000173e-08
9.716000000000000227e+02 1.811999999999999947e-09
9.720000000000000000e+02 9.999999999999999799e-13
9.723999999999999773e+02 5.700000000000000086e-08
9.727999999999999545e+02 2.907999999999999967e-08
9.732000000000000455e+02 6.060000000000000001e-08
9.736000000000000227e+02 9.999999999999999799e-13
9.740000000000000000e+02 6.180999999999999563e-08
9.743999999999999773e+02 5.173000000000000066e-08
9.747999999999999545e+02 4.915999999999999816e-08
9.752000000000000455e+02 7.023000000000000088e-08
9.756000000000000227e+02 4.792999999999999972e-08
9.760000000000000000e+02 8.468000000000000123e-08
9.763999999999999773e+02 1.577999999999999969e-08
9.767999999999999545e+02 4.663999999999999611e-10
9.772000000000000455e+02 8.950999999999999882e-08
9.776000000000000227e+02 1.073999999999999956e-07
9.780000000000000000e+02 2.033999999999999883e-08
9.783999999999999773e+02 1.386999999999999913e-07
9.787999999999999545e+02 9.486000000000000371e-08
9.792000000000000455e+02 6.350000000000000613e-08
9.796000000000000227e+02 9.676000000000000087e-08
9.800000000000000000e+02 7.833999999999999872e-08
9.803999999999999773e+02 1.075000000000000031e-07
9.807999999999999545e+02 5.201999999999999862e-08
9.812000000000000455e+02 8.503999999999999916e-08
9.816000000000000227e+02 5.312000000000000185e-08
9.820000000000000000e+02 9.590000000000000508e-08
9.823999999999999773e+02 1.290000000000000037e-07
9.827999999999999545e+02 1.191000000000000011e-07
9.832000000000000455e+02 9.419999999999999648e-08
9.836000000000000227e+02 1.484000000000000054e-07
9.840000000000000000e+02 4.816000000000000244e-08
9.843999999999999773e+02 5.703000000000000179e-08
9.847999999999999545e+02 6.920999999999999571e-08
9.852000000000000455e+02 1.283000000000000040e-07
9.856000000000000227e+02 1.280000000000000080e-07
9.860000000000000000e+02 6.668999999999999697e-08
9.863999999999999773e+02 1.516000000000000075e-07
9.867999999999999545e+02 4.887999999999999830e-08
9.872000000000000455e+02 1.316999999999999948e-07
9.876000000000000227e+02 2.218000000000000075e-08
9.880000000000000000e+02 7.660999999999999580e-08
9.883999999999999773e+02 3.053000000000000273e-08
9.887999999999999545e+02 8.696000000000000576e-08
9.892000000000000455e+02 2.467999999999999997e-08
9.896000000000000227e+02 1.563000000000000165e-08
9.900000000000000000e+02 5.589999999999999763e-08
9.903999999999999773e+02 8.298000000000000586e-08
9.907999999999999545e+02 5.459999999999999922e-08
9.912000000000000455e+02 8.254999999999999473e-08
9.916000000000000227e+02 4.111000000000000217e-08
9.920000000000000000e+02 3.138000000000000041e-08
9.923999999999999773e+02 2.448000000000000149e-08
9.927999999999999545e+02 9.259999999999999539e-08
9.932000000000000455e+02 9.464000000000000571e-08
9.936000000000000227e+02 9.999999999999999799e-13
9.940000000000000000e+02 1.308999999999999876e-07
9.943999999999999773e+02 1.312999999999999912e-07
9.947999999999999545e+02 1.323999999999999944e-07
9.952000000000000455e+02 1.064999999999999941e-07
9.956000000000000227e+02 1.189999999999999936e-07
9.960000000000000000e+02 1.418999999999999935e-07
9.963999999999999773e+02 1.038000000000000030e-07
9.967999999999999545e+02 7.944000000000000195e-08
9.972000000000000455e+02 7.637999999999999970e-08
9.976000000000000227e+02 1.281999999999999965e-07
9.980000000000000000e+02 1.270000000000000123e-07
9.983999999999999773e+02 1.234000000000000065e-07
9.987999999999999545e+02 4.048000000000000249e-08
9.992000000000000455e+02 8.160000000000000277e-08
9.996000000000000227e+02 4.181999999999999993e-08
1.000000000000000000e+03 1.142000000000000035e-07
1.000399999999999977e+03 7.296999999999999762e-08
1.000799999999999955e+03 3.756999999999999827e-08
1.001200000000000045e+03 1.142999999999999978e-07
1.001600000000000023e+03 9.999999999999999799e-13
1.002000000000000000e+03 4.608999999999999780e-08
1.002399999999999977e+03 8.552000000000000081e-08
1.002799999999999955e+03 9.999999999999999799e-13
1.003200000000000045e+03 9.159000000000000156e-08
1.003600000000000023e+03 9.476999999999999430e-08
1.004000000000000000e+03 1.126000000000000024e-07
1.004399999999999977e+03 8.752000000000000548e-08
1.004799999999999955e+03 5.725999999999999790e-08
1.005200000000000045e+03 8.455999999999999751e-08
1.005600000000000023e+03 1.031999999999999977e-07
1.006000000000000000e+03 9.297000000000000466e-08
1.006399999999999977e+03 2.157000000000000058e-08
1.006799999999999955e+03 1.237000000000000026e-07
1.007200000000000045e+03 8.161000000000000087e-08
1.007600000000000023e+03 7.609999999999999984e-08
1.008000000000000000e+03 1.026999999999999998e-07
1.008399999999999977e+03 7.603999999999999798e-08
1.008799999999999955e+03 8.256000000000000607e-08
1.009200000000000045e+03 9.118999999999999798e-08
1.009600000000000023e+03 4.530000000000000197e-08
1.010000000000000000e+03 4.838999999999999854e-08
1.010399999999999977e+03 4.456000000000000329e-08
1.010799999999999955e+03 7.160000000000000587e-08
1.011200000000000045e+03 9.471000000000000568e-08
1.011600000000000023e+03 6.611000000000000104e-08
1.012000000000000000e+03 6.097999999999999415e-08
1.012399999999999977e+03 7.158999999999999453e-08
1.012799999999999955e+03 1.149000000000000032e-07
1.013200000000000045e+03 9.508999999999999982e-08
1.013600000000000023e+03 1.115999999999999935e-07
1.014000000000000000e+03 1.706999999999999999e-08
1.014399999999999977e+03 1.154000000000000010e-07
1.014799999999999955e+03 9.286999999999999714e-08
1.015200000000000045e+03 6.758999999999999841e-08
1.015600000000000023e+03 9.999999999999999799e-13
1.016000000000000000e+03 2.429999999999999922e-08
1.016399999999999977e+03 7.112000000000000421e-08
1.016799999999999955e+03 9.352000000000000627e-08
1.017200000000000045e+03 4.210999999999999789e-08
1.017600000000000023e+03 4.648000000000000328e-08
1.018000000000000000e+03 6.374999999999999844e-08
1.018399999999999977e+03 1.110000000000000013e-07
1.018799999999999955e+03 2.899000000000000019e-08
1.019200000000000045e+03 2.670999999999999896e-08
1.019600000000000023e+03 6.092000000000000552e-08
1.020000000000000000e+03 1.038999999999999973e-07
1.020399999999999977e+03 5.944999999999999964e-08
1.020799999999999955e+03 4.993999999999999919e-09
1.021200000000000045e+03 3.944999999999999922e-08
1.021600000000000023e+03 6.015000000000000591e-08
1.022000000000000000e+03 1.192999999999999896e-07
1.022399999999999977e+03 9.809999999999999831e-08
1.022799999999999955e+03 5.428999999999999843e-08
1.023200000000000045e+03 1.117999999999999953e-07
1.023600000000000023e+03 7.708999999999999745e-08
1.024000000000000000e+03 4.464999999999999946e-08
1.024400000000000091e+03 2.967000000000000032e-08
1.024799999999999955e+03 9.450000000000000578e-08
1.025200000000000045e+03 1.255000000000000054e-07
1.025599999999999909e+03 2.703000000000000116e-08
1.026000000000000000e+03 7.344000000000000117e-08
1.026400000000000091e+03 1.312999999999999912e-07
1.026799999999999955e+03 8.058999999999999571e-08
1.027200000000000045e+03 6.925000000000000137e-08
1.027599999999999909e+03 6.672000000000000452e-08
1.028000000000000000e+03 1.442999999999999885e-07
1.028400000000000091e+03 7.498999999999999850e-08
1.028799999999999955e+03 1.175000000000000000e-07
1.029200000000000045e+03 7.491999999999999854e-08
1.029599999999999909e+03 7.768000000000000472e-08
1.030000000000000000e+03 9.999999999999999799e-13
1.030400000000000091e+03 4.636999999999999766e-08
1.030799999999999955e+03 1.008000000000000026e-07
1.031200000000000045e+03 2.045000000000000114e-08
1.031599999999999909e+03 8.816000000000000327e-08
1.032000000000000000e+03 1.541999999999999845e-08
1.032400000000000091e+03 1.778999999999999982e-07
1.032799999999999955e+03 9.999999999999999799e-13
1.033200000000000045e+03 9.999999999999999799e-13
1.033599999999999909e+03 1.188000000000000050e-07
1.034000000000000000e+03 8.579000000000000257e-08
1.034400000000000091e+03 9.867999999999999424e-08
1.034799999999999955e+03 1.137999999999999999e-07
1.035200000000000045e+03 3.649999999999999803e-10
1.035599999999999909e+03 7.642000000000000535e-08
1.036000000000000000e+03 1.787999999999999864e-08
1.036400000000000091e+03 3.672000000000000058e-08
1.036799999999999955e+03 4.223999999999999972e-08
1.037200000000000045e+03 1.225999999999999993e-07
1.037599999999999909e+03 7.577999999999999433e-08
1.038000000000000000e+03 4.645000000000000234e-08
1.038400000000000091e+03 1.389000000000000063e-07
1.038799999999999955e+03 1.112999999999999974e-07
1.039200000000000045e+03 1.397999999999999945e-07
1.039599999999999909e+03 7.982999999999999420e-08
1.040000000000000000e+03 5.749999999999999872e-08
1.040400000000000091e+03 8.477999999999999551e-08
1.040799999999999955e+03 1.488000000000000089e-07
1.041200000000000045e+03 2.324999999999999974e-08
1.041599999999999909e+03 7.989999999999999416e-08
1.042000000000000000e+03 1.144999999999999996e-07
1.042400000000000091e+03 1.525999999999999900e-08
1.042799999999999955e+03 1.029999999999999959e-07
1.043200000000000045e+03 3.365999999999999833e-08
1.043599999999999909e+03 8.049000000000000143e-08
1.044000000000000000e+03 5.039000000000000321e-08
1.044400000000000091e+03 1.277999999999999929e-07
1.044799999999999955e+03 1.154999999999999953e-07
1.045200000000000045e+03 7.517000000000000408e-08
1.045599999999999909e+03 8.682000000000000583e-08
1.046000000000000000e+03 1.175000000000000000e-07
1.046400000000000091e+03 6.961999999999999740e-08
1.046799999999999955e+03 1.630999999999999980e-07
1.047200000000000045e+03 1.404999999999999942e-07
1.047599999999999909e+03 1.418999999999999935e-07
1.048000000000000000e+03 4.611999999999999873e-08
1.048400000000000091e+03 4.527999999999999915e-08
1.048799999999999955e+03 7.510000000000000412e-08
1.049200000000000045e+03 2.972000000000000077e-08
1.049599999999999909e+03 6.015000000000000591e-08
1.050000000000000000e+03 9.004000000000000423e-08
1.050400000000000091e+03 1.292999999999999998e-07
1.050799999999999955e+03 9.626000000000000301e-08
1.051200000000000045e+03 1.404999999999999942e-07
1.051599999999999909e+03 1.252999999999999904e-07
1.052000000000000000e+03 1.177000000000000018e-07
1.052400000000000091e+03 1.279000000000000005e-07
1.052799999999999955e+03 8.908999999999999903e-08
1.053200000000000045e+03 1.295999999999999958e-07
1.053599999999999909e+03 5.752999999999999965e-08
1.054000000000000000e+03 9.077999999999999629e-08
1.054400000000000091e+03 1.283000000000000040e-07
1.054799999999999955e+03 4.991999999999999967e-08
1.055200000000000045e+03 1.142000000000000035e-07
1.055599999999999909e+03 1.334999999999999977e-07
1.056000000000000000e+03 1.537999999999999875e-07
1.056400000000000091e+03 3.439999999999999701e-08
1.056799999999999955e+03 4.706999999999999731e-08
1.057200000000000045e+03 5.089000000000000107e-08
1.057599999999999909e+03 1.277999999999999929e-07
1.058000000000000000e+03 1.341999999999999973e-07
1.058400000000000091e+03 6.253000000000000472e-08
1.058799999999999955e+03 3.016000000000000008e-08
1.059200000000000045e+03 1.151999999999999992e-07
1.059599999999999909e+03 9.831999999999999631e-08
1.060000000000000000e+03 6.255000000000000093e-08
1.060400000000000091e+03 8.582999999999999498e-08
1.060799999999999955e+03 7.952000000000000002e-08
1.061200000000000045e+03 6.821999999999999810e-08
1.061599999999999909e+03 1.297000000000000033e-07
1.062000000000000000e+03 1.554000000000000019e-07
1.062400000000000091e+03 2.815999999999999871e-08
1.062799999999999955e+03 9.322999999999999507e-08
1.063200000000000045e+03 4.663999999999999941e-08
1.063599999999999909e+03 4.633999999999999673e-08
1.064000000000000000e+03 1.843000000000000026e-07
1.064400000000000091e+03 5.120999999999999997e-08
1.064799999999999955e+03 1.524999999999999957e-07
1.065200000000000045e+03 5.090999999999999728e-08
1.065599999999999909e+03 6.305999999999999689e-08
1.066000000000000000e+03 6.486999999999999788e-08
1.066400000000000091e+03 4.179999999999999710e-08
1.066799999999999955e+03 1.080000000000000009e-07
1.067200000000000045e+03 1.526000000000000033e-07
1.067599999999999909e+03 5.797000000000000227e-08
1.068000000000000000e+03 8.210999999999999873e-08
1.068400000000000091e+03 1.568000000000000012e-07
1.068799999999999955e+03 3.844999999999999688e-08
1.069200000000000045e+03 6.267000000000000465e-08
1.069599999999999909e+03 7.017999999999999712e-08
1.070000000000000000e+03 6.393000000000000402e-08
1.070400000000000091e+03 6.418999999999999444e-08
1.070799999999999955e+03 1.541000000000000101e-07
1.071200000000000045e+03 1.380999999999999992e-07
1.071599999999999909e+03 4.617000000000000248e-08
1.072000000000000000e+03 1.523999999999999882e-07
1.072400000000000091e+03 1.094999999999999945e-07
1.072799999999999955e+03 4.609999999999999590e-09
1.073200000000000045e+03 6.941999999999999561e-08
1.073599999999999909e+03 1.783000000000000018e-07
1.074000000000000000e+03 1.031000000000000034e-07
1.074400000000000091e+03 1.054000000000000041e-07
1.074799999999999955e+03 1.376999999999999956e-07
1.075200000000000045e+03 1.305999999999999915e-07
1.075599999999999909e+03 1.273999999999999894e-07
1.076000000000000000e+03 1.766000000000000064e-07
1.076400000000000091e+03 1.836000000000000029e-07
1.076799999999999955e+03 1.355999999999999966e-07
1.077200000000000045e+03 2.824000000000000009e-08
1.077599999999999909e+03 6.953000000000000123e-08
1.078000000000000000e+03 1.622000000000000098e-07
1.078400000000000091e+03 1.161999999999999950e-07
1.078799999999999955e+03 1.133000000000000021e-07
1.079200000000000045e+03 5.683999999999999811e-08
1.079599999999999909e+03 1.783000000000000018e-07
1.080000000000000000e+03 1.181000000000000053e-07
1.080400000000000091e+03 1.006999999999999951e-07
1.080799999999999955e+03 1.224000000000000108e-07
1.081200000000000045e+03 1.577999999999999969e-07
1.081599999999999909e+03 1.478999999999999943e-07
1.082000000000000000e+03 1.251000000000000019e-07
1.082400000000000091e+03 7.184000000000000007e-08
1.082799999999999955e+03 1.224000000000000108e-07
1.083200000000000045e+03 5.630000000000000121e-08
1.083599999999999909e+03 1.224000000000000108e-07
1.084000000000000000e+03 1.266999999999999897e-07
1.084400000000000091e+03 1.601000000000000109e-07
1.084799999999999955e+03 1.734000000000000042e-07
1.085200000000000045e+03 1.730000000000000006e-07
1.085599999999999909e+03 1.876000000000000123e-07
1.086000000000000000e+03 1.401999999999999981e-07
1.086400000000000091e+03 2.174000000000000012e-07
1.086799999999999955e+03 2.301000000000000024e-07
1.087200000000000045e+03 2.723000000000000229e-07
1.087599999999999909e+03 2.562999999999999855e-07
1.088000000000000000e+03 4.139999999999999749e-07
1.088400000000000091e+03 3.930999999999999929e-07
1.088799999999999955e+03 5.225999999999999812e-07
1.089200000000000045e+03 6.149000000000000335e-07
1.089599999999999909e+03 6.469000000000000024e-07
1.090000000000000000e+03 6.845999999999999760e-07
1.090400000000000091e+03 9.463999999999999512e-07
1.090799999999999955e+03 1.010999999999999934e-06
1.091200000000000045e+03 1.205999999999999973e-06
1.091599999999999909e+03 1.384000000000000005e-06
1.092000000000000000e+03 1.613000000000000057e-06
1.092400000000000091e+03 1.921999999999999979e-06
1.092799999999999955e+03 2.238000000000000002e-06
1.093200000000000045e+03 2.687999999999999929e-06
1.093599999999999909e+03 3.255000000000000176e-06
1.094000000000000000e+03 3.863999999999999766e-06
1.094400000000000091e+03 4.446999999999999944e-06
1.094799999999999955e+03 4.991000000000000156e-06
1.095200000000000045e+03 5.937000000000000078e-06
1.095599999999999909e+03 6.943000000000000271e-06
1.096000000000000000e+03 7.951000000000000615e-06
1.096400000000000091e+03 9.399999999999999786e-06
1.096799999999999955e+03 1.083999999999999955e-05
1.097200000000000045e+03 1.241999999999999967e-05
1.097599999999999909e+03 1.430000000000000031e-05
1.098000000000000000e+03 1.631999999999999960e-05
1.098400000000000091e+03 1.858999999999999989e-05
1.098799999999999955e+03 2.199000000000000122e-05
1.099200000000000045e+03 2.415000000000000087e-05
1.099599999999999909e+03 2.619000000000000166e-05
1.100000000000000000e+03 2.813000000000000003e-05
1.100400000000000091e+03 3.045000000000000153e-05
1.100799999999999955e+03 3.385000000000000286e-05
1.101200000000000045e+03 3.706000000000000093e-05
1.101599999999999909e+03 3.931000000000000141e-05
1.102000000000000000e+03 4.355000000000000147e-05
1.102400000000000091e+03 4.571000000000000112e-05
1.102799999999999955e+03 4.627000000000000253e-05
1.103200000000000045e+03 4.908999999999999925e-05
1.103599999999999909e+03 5.204999999999999802e-05
1.104000000000000000e+03 5.546000000000000094e-05
1.104400000000000091e+03 5.996999999999999673e-05
1.104799999999999955e+03 6.229999999999999644e-05
1.105200000000000045e+03 6.435000000000000561e-05
1.105599999999999909e+03 6.640000000000000123e-05
1.106000000000000000e+03 6.603000000000000308e-05
1.106400000000000091e+03 6.707000000000000667e-05
1.106799999999999955e+03 6.933000000000000198e-05
1.107200000000000045e+03 7.122999999999999395e-05
1.107599999999999909e+03 7.331999999999999596e-05
1.108000000000000000e+03 7.325000000000000510e-05
1.108400000000000091e+03 7.239999999999999799e-05
1.108799999999999955e+03 7.297999999999999583e-05
1.109200000000000045e+03 7.370000000000000249e-05
1.109599999999999909e+03 7.480999999999999694e-05
1.110000000000000000e+03 7.703999999999999423e-05
1.110400000000000091e+03 7.818999999999999507e-05
1.110799999999999955e+03 7.957999999999999362e-05
1.111200000000000045e+03 8.014999999999999664e-05
1.111599999999999909e+03 8.045999999999999875e-05
1.112000000000000000e+03 8.456999999999999836e-05
1.112400000000000091e+03 8.700000000000000051e-05
1.112799999999999955e+03 8.967999999999999518e-05
1.113200000000000045e+03 9.464999999999999672e-05
1.113599999999999909e+03 1.028000000000000051e-04
1.114000000000000000e+03 1.113999999999999973e-04
1.114400000000000091e+03 1.245999999999999929e-04
1.114799999999999955e+03 1.343999999999999871e-04
1.115200000000000045e+03 1.398000000000000100e-04
1.115599999999999909e+03 1.762000000000000003e-04
1.116000000000000000e+03 1.949999999999999965e-04
1.116400000000000091e+03 2.162999999999999992e-04
1.116799999999999955e+03 2.571000000000000152e-04
1.117200000000000045e+03 2.886000000000000219e-04
1.117599999999999909e+03 3.311999999999999732e-04
1.118000000000000000e+03 3.836000000000000000e-04
1.118400000000000091e+03 3.883000000000000058e-04
1.118799999999999955e+03 5.037999999999999944e-04
1.119200000000000045e+03 5.402000000000000118e-04
1.119599999999999909e+03 6.377000000000000507e-04
1.120000000000000000e+03 7.004000000000000026e-04
1.120400000000000091e+03 6.811000000000000214e-04
1.120799999999999955e+03 9.659999999999999533e-04
1.121200000000000045e+03 1.046000000000000055e-03
1.121599999999999909e+03 1.183999999999999940e-03
1.122000000000000000e+03 1.059999999999999961e-03
1.122400000000000091e+03 1.095999999999999969e-03
1.122799999999999955e+03 1.219000000000000031e-03
1.123200000000000045e+03 1.766999999999999908e-03
1.123599999999999909e+03 1.660000000000000017e-03
1.124000000000000000e+03 1.971999999999999795e-03
1.124400000000000091e+03 2.052000000000000005e-03
1.124799999999999955e+03 2.164000000000000125e-03
1.125200000000000045e+03 2.206000000000000062e-03
1.125599999999999909e+03 2.132999999999999913e-03
1.126000000000000000e+03 2.612000000000000172e-03
1.126400000000000091e+03 2.723000000000000160e-03
1.126799999999999955e+03 2.763999999999999964e-03
1.127200000000000045e+03 2.755000000000000070e-03
1.127599999999999909e+03 2.801999999999999803e-03
1.128000000000000000e+03 2.827000000000000086e-03
1.128400000000000091e+03 2.952999999999999896e-03
1.128799999999999955e+03 2.971999999999999816e-03
1.129200000000000045e+03 2.939000000000000206e-03
1.129599999999999909e+03 2.794000000000000043e-03
1.130000000000000000e+03 2.948999999999999799e-03
1.130400000000000091e+03 2.893000000000000172e-03
1.130799999999999955e+03 2.802999999999999936e-03
1.131200000000000045e+03 2.717999999999999930e-03
1.131599999999999909e+03 2.546999999999999785e-03
1.132000000000000000e+03 2.469999999999999973e-03
1.132400000000000091e+03 2.279999999999999909e-03
1.132799999999999955e+03 2.236000000000000140e-03
1.133200000000000045e+03 2.013000000000000032e-03
1.133599999999999909e+03 1.806000000000000097e-03
1.134000000000000000e+03 1.737999999999999962e-03
1.134400000000000091e+03 1.616999999999999948e-03
1.134799999999999955e+03 1.329000000000000103e-03
1.135200000000000045e+03 1.485999999999999908e-03
1.135599999999999909e+03 1.472999999999999917e-03
1.136000000000000000e+03 1.173999999999999913e-03
1.136400000000000091e+03 1.268999999999999946e-03
1.136799999999999955e+03 1.131999999999999977e-03
1.137200000000000045e+03 1.038999999999999993e-03
1.137599999999999909e+03 9.106000000000000162e-04
1.138000000000000000e+03 8.742999999999999470e-04
1.138400000000000091e+03 7.963000000000000026e-04
1.138799999999999955e+03 7.770999999999999696e-04
1.139200000000000045e+03 7.033000000000000189e-04
1.139599999999999909e+03 6.411999999999999731e-04
1.140000000000000000e+03 5.806999999999999662e-04
1.140400000000000091e+03 5.852999999999999696e-04
1.140799999999999955e+03 5.272999999999999693e-04
1.141200000000000045e+03 5.416999999999999940e-04
1.141599999999999909e+03 5.115000000000000189e-04
1.142000000000000000e+03 4.991999999999999910e-04
1.142400000000000091e+03 4.731000000000000071e-04
1.142799999999999955e+03 4.400000000000000157e-04
1.143200000000000045e+03 4.355000000000000147e-04
1.143599999999999909e+03 4.391999999999999962e-04
1.144000000000000000e+03 4.179000000000000206e-04
1.144400000000000091e+03 3.459000000000000052e-04
1.144799999999999955e+03 3.829999999999999854e-04
1.145200000000000045e+03 3.601999999999999733e-04
1.145599999999999909e+03 3.484000000000000118e-04
1.146000000000000000e+03 3.348000000000000064e-04
1.146400000000000091e+03 3.356999999999999741e-04
1.146799999999999955e+03 3.462000000000000125e-04
1.147200000000000045e+03 3.135999999999999790e-04
1.147599999999999909e+03 2.615000000000000137e-04
1.148000000000000000e+03 2.757999999999999818e-04
1.148400000000000091e+03 2.546000000000000086e-04
1.148799999999999955e+03 2.267000000000000081e-04
1.149200000000000045e+03 2.245000000000000088e-04
1.149599999999999909e+03 1.967000000000000107e-04
1.150000000000000000e+03 1.932000000000000069e-04
1.150400000000000091e+03 1.677000000000000105e-04
1.150799999999999955e+03 1.415999999999999995e-04
1.151200000000000045e+03 1.372000000000000010e-04
1.151599999999999909e+03 1.297000000000000084e-04
1.152000000000000000e+03 1.095000000000000053e-04
1.152400000000000091e+03 1.082000000000000008e-04
1.152799999999999955e+03 9.941999999999999340e-05
1.153200000000000045e+03 9.252000000000000187e-05
1.153599999999999909e+03 8.231000000000000306e-05
1.154000000000000000e+03 7.236000000000000515e-05
1.154400000000000091e+03 7.017999999999999553e-05
1.154799999999999955e+03 6.491000000000000025e-05
1.155200000000000045e+03 5.687000000000000269e-05
1.155599999999999909e+03 5.084000000000000113e-05
1.156000000000000000e+03 4.631999999999999697e-05
1.156400000000000091e+03 4.157999999999999831e-05
1.156799999999999955e+03 3.799000000000000049e-05
1.157200000000000045e+03 3.457999999999999757e-05
1.157599999999999909e+03 3.229999999999999907e-05
1.158000000000000000e+03 2.943000000000000114e-05
1.158400000000000091e+03 2.498000000000000139e-05
1.158799999999999955e+03 2.237000000000000097e-05
1.159200000000000045e+03 2.046000000000000062e-05
1.159599999999999909e+03 1.857000000000000008e-05
1.160000000000000000e+03 1.690999999999999903e-05
1.160400000000000091e+03 1.454999999999999961e-05
1.160799999999999955e+03 1.296999999999999949e-05
1.161200000000000045e+03 1.163000000000000046e-05
1.161599999999999909e+03 9.884999999999999378e-06
1.162000000000000000e+03 8.712000000000000614e-06
1.162400000000000091e+03 7.853999999999999681e-06
1.162799999999999955e+03 6.948000000000000223e-06
1.163200000000000045e+03 5.976999999999999695e-06
1.163599999999999909e+03 5.183000000000000182e-06
1.164000000000000000e+03 4.617999999999999662e-06
1.164400000000000091e+03 4.004000000000000120e-06
1.164799999999999955e+03 3.463000000000000132e-06
1.165200000000000045e+03 3.030999999999999864e-06
1.165599999999999909e+03 2.618999999999999827e-06
1.166000000000000000e+03 2.211000000000000092e-06
1.166400000000000091e+03 1.535999999999999990e-06
1.166799999999999955e+03 1.297999999999999897e-06
1.167200000000000045e+03 1.142999999999999899e-06
1.167599999999999909e+03 9.990000000000000914e-07
1.168000000000000000e+03 8.180999999999999472e-07
1.168400000000000091e+03 7.150000000000000365e-07
1.168799999999999955e+03 6.455000000000000031e-07
1.169200000000000045e+03 5.418999999999999489e-07
1.169599999999999909e+03 4.558999999999999994e-07
1.170000000000000000e+03 4.144000000000000050e-07
